Maximal modularity Q = 0.0397124 for partition :
community 19925 = {5702, 5703, 5701, 5699, 5700, 5704, 5705, 5706, 5709, 5710, 5707, 5708, 5690, 5688, 5689, 5696, 5697, 5698, 5693, 5694, 5695, 5691, 5692}
community 19819 = {6283, 6284, 6285, 6286, 6291, 6292, 6287, 6288, 6289, 6290}
community 19920 = {5545, 5546, 5547, 5544, 5542, 5543, 5563, 5564, 5567, 5568, 5565, 5566, 5548, 5549, 5552, 5550, 5551, 5559, 5560, 5561, 5562, 5553, 5554, 5555, 5556, 5557, 5558}
community 19758 = {5418, 5416, 5417, 5421, 5422, 5419, 5420}
community 19799 = {6001, 6002, 5999, 6000, 5995, 5996, 5997, 5998}
community 19929 = {5133, 5131, 5132, 5273, 5274, 5271, 5272, 5134, 5278, 5135, 5279, 5277, 5275, 5276, 5259, 5256, 5257, 5258, 5255, 5253, 5254, 5269, 5270, 5268, 5266, 5267, 5260, 5261, 5262, 5263, 5264, 5265}
community 19746 = {7642, 7640, 7641, 7645, 7646, 7643, 7644}
community 19827 = {5646, 5647, 5648, 5642, 5640, 5641, 5643, 5644, 5645}
community 19647 = {7037, 7180, 7609, 7752, 7323, 7466}
community 19887 = {5970, 5971, 5972, 5973, 5974, 5975, 5976, 5977, 5978, 5979, 5980, 5981, 5982, 5986, 5987, 5988, 5985, 5983, 5984}
community 19540 = {8766, 8767, 8765, 8763, 8764}
community 19415 = {6145, 6146, 6143, 6144}
community 19645 = {5677, 5678, 5679, 5823, 5824, 5825}
community 19829 = {7783, 7784, 7782, 7780, 7781, 7791, 7789, 7790, 7787, 7788, 7785, 7786}
community 19673 = {5041, 5183, 5184, 5042, 5043, 5044}
community 19357 = {5852, 5853, 5854, 5855}
community 19858 = {8626, 8624, 8625, 8631, 8627, 8630, 8628, 8629, 8617, 8614, 8615, 8616, 8618, 8619, 8620, 8621, 8622, 8623}
community 19803 = {7925, 7926, 7929, 7927, 7928, 7930, 7931, 7934, 7935, 7932, 7933}
community 19343 = {5793, 5794, 5791, 5792}
community 19667 = {7357, 7358, 7359, 7356, 7354, 7355}
community 19794 = {7493, 7494, 7497, 7495, 7496, 7498, 7499, 7502, 7503, 7500, 7501}
community 19337 = {5146, 5147, 5144, 5145}
community 19335 = {7638, 7639, 7636, 7637}
community 19878 = {6139, 6140, 6141, 6142, 5989, 5992, 5990, 5991, 5993, 5994, 6137, 6138, 6123, 6124, 6127, 6125, 6126, 6128, 6132, 6131, 6129, 6130, 6133, 6136, 6134, 6135}
community 19810 = {8071, 8067, 8068, 8069, 8070, 8079, 8080, 8077, 8078, 8075, 8076, 8072, 8073, 8074}
community 19766 = {8591, 8592, 8589, 8590, 8586, 8587, 8588, 8582, 8585, 8583, 8584}
community 19315 = {7352, 7353, 7350, 7351}
community 19303 = {7459, 7603, 7747, 7891}
community 19744 = {8116, 8117, 8118, 8119, 8120, 8111, 8112, 8115, 8113, 8114}
community 19898 = {8737, 8734, 8735, 8736, 8731, 8732, 8733, 8724, 8725, 8726, 8727, 8728, 8729, 8730, 8717, 8718, 8719, 8723, 8720, 8721, 8722, 8709, 8707, 8708, 8703, 8706, 8704, 8705, 8714, 8715, 8716, 8710, 8711, 8712, 8713, 8699, 8696, 8697, 8698, 8700, 8701, 8702, 8691, 8695, 8694, 8692, 8693, 8684, 8685, 8686, 8689, 8690, 8687, 8688, 8683, 8681, 8682, 8676, 8674, 8675, 8680, 8679, 8677, 8678, 8669, 8673, 8672, 8670, 8671, 8666, 8667, 8668, 8665, 8663, 8664, 8661, 8662, 8768, 8769, 8770, 8774, 8771, 8772, 8773, 8659, 8660, 8655, 8656, 8657, 8658, 8653, 8654, 8651, 8652, 8649, 8650, 8644, 8645, 8648, 8646, 8647, 8778, 8779, 8775, 8776, 8777, 8643, 8641, 8642, 8783, 8784, 8780, 8781, 8782}
community 19642 = {7964, 7965, 7966, 7970, 7971, 7967, 7968, 7969}
community 19852 = {8359, 8357, 8358, 8354, 8355, 8356, 8360, 8363, 8361, 8362, 8493, 8494, 8353, 8495, 8496, 8488, 8492, 8489, 8490, 8491, 8484, 8487, 8485, 8486}
community 19026 = {5177, 5175, 5176}
community 19874 = {8526, 8524, 8525, 8527, 8528, 8529, 8530, 8531, 8518, 8516, 8517, 8519, 8520, 8523, 8521, 8522, 8514, 8515, 8512, 8513, 8510, 8511, 8508, 8509, 8505, 8506, 8507, 8498, 8499, 8500, 8501, 8504, 8502, 8503, 8497, 8637, 8638, 8639, 8640, 8636, 8632, 8635, 8633, 8634}
community 19039 = {6669, 6813, 6957}
community 19651 = {6272, 6275, 6273, 6274, 6276, 6279, 6277, 6278}
community 19691 = {8749, 8750, 8751, 8752, 8753, 8754, 8755, 8760, 8761, 8758, 8759, 8756, 8757}
community 19711 = {8442, 8443, 8444, 8445, 8449, 8452, 8450, 8451, 8446, 8447, 8448}
community 19544 = {5426, 5427, 5428, 5425, 5423, 5424}
community 19669 = {8304, 8301, 8302, 8303, 8297, 8295, 8296, 8300, 8298, 8299}
community 19480 = {6154, 6155, 6151, 6152, 6153, 6149, 6150, 6147, 6148}
community 19775 = {5138, 5282, 5280, 5137, 5136, 5281, 5290, 5288, 5289, 5143, 5287, 5285, 5286, 5139, 5283, 5284, 5142, 5140, 5141}
community 19751 = {8561, 8559, 8560, 8555, 8558, 8556, 8557, 8569, 8570, 8567, 8568, 8565, 8566, 8562, 8563, 8564}
community 19340 = {7820, 7821, 7822, 7825, 7823, 7824}
community 19567 = {6239, 6237, 6382, 6093, 6238, 6089, 6233, 6090, 6234, 6525, 6380, 6381, 6378, 6379, 6091, 6235, 6092, 6236}
community 18873 = {8411, 8412, 8413, 8416, 8414, 8415}
community 19779 = {7812, 7956, 7957, 7813, 7814, 8099, 8102, 8100, 8101, 7958, 7959, 8103, 8245, 8243, 8244, 8246, 8247, 8248, 8260, 8259, 8256, 8257, 8258, 8104, 8249, 7960, 7961, 8105, 8110, 8254, 8255, 8252, 8253, 8250, 8251, 7962, 7963, 8109, 8106, 8107, 8108, 8265, 8266, 8267, 8268, 8269, 8270, 8387, 8390, 8388, 8389, 8532, 8535, 8536, 8533, 8534, 8539, 8537, 8538, 8391, 8392, 8393, 8394, 8408, 8406, 8407, 8264, 8261, 8262, 8263, 8550, 8551, 8410, 8554, 8409, 8552, 8553, 8546, 8547, 8548, 8549, 8543, 8544, 8545, 8540, 8541, 8542, 8395, 8396, 8399, 8397, 8398, 8402, 8400, 8401, 8405, 8403, 8404}
community 19694 = {8738, 8739, 8740, 8593, 8597, 8741, 8594, 8595, 8596, 8744, 8745, 8748, 8746, 8747, 8455, 8600, 8459, 8603, 8457, 8458, 8602, 8456, 8601, 8453, 8454, 8598, 8742, 8599, 8743}
community 19272 = {8434, 8435, 8436, 8437, 8441, 8438, 8439, 8440}
community 19611 = {8374, 8378, 8377, 8375, 8376, 8372, 8373, 8370, 8371, 8364, 8367, 8365, 8366, 8225, 8226, 8227, 8223, 8224, 8368, 8369}
community 19182 = {6293, 6294, 6297, 6295, 6296}
community 19161 = {5937, 5938, 5939, 5940}
community 18236 = {6958, 7102}
community 19507 = {6066, 5922, 5923, 5638, 5639, 5489, 5635, 5636, 5637, 5634, 5779}
community 19124 = {8581, 8579, 8580, 8575, 8576, 8577, 8578}
community 18714 = {6417, 6421, 6420, 6418, 6419}
community 19532 = {7975, 7976, 7972, 7973, 7974, 8123, 8124, 8121, 7979, 7980, 8122, 7977, 7978}
community 18272 = {6450, 6594}
community 19592 = {6926, 6783, 7072, 7216, 6927, 7071, 7215, 6210, 6353, 6639, 6352, 6496, 6497, 6784, 6787, 6785, 6786, 6642, 6640, 6641, 7074, 7075, 6929, 6930, 6931, 7217, 7218, 6928, 7073}
community 19565 = {6432, 6433, 6429, 6430, 6431, 6436, 6437, 6582, 6581, 6579, 6580, 6434, 6435}
community 19656 = {5711, 5712, 5713, 5856, 5857, 5714, 5715, 5858, 5716, 5717, 6007, 5862, 5863, 5859, 5860, 5861, 6003, 6006, 6004, 6005, 5438, 5292, 5437, 5291, 5435, 5436, 5429, 5432, 5433, 5430, 5431, 5573, 5574, 5571, 5572, 5569, 5570, 5722, 5723, 5575, 5576, 5868, 6012, 5866, 6010, 5867, 6011, 6008, 6009, 5864, 5865, 5720, 5721, 5718, 5719, 6156, 6157, 5869, 5870, 6015, 6013, 6014, 6158, 6159, 5434, 5577, 5578, 5579, 5580, 5581, 5582, 5871, 5724, 5725, 5726, 5583, 5584, 6305, 5873, 6162, 6160, 6161, 6306, 6017, 6451, 5728, 5727, 5872, 6016, 6302, 6303, 6304, 6449, 6300, 6301, 6298, 6299, 6442, 6439, 6440, 6441, 6448, 6593, 6591, 6446, 6447, 6590, 6588, 6589, 6443, 6444, 6445}
community 18569 = {7392, 7393, 7394}
community 19664 = {7262, 6975, 7119, 8417, 8423, 8421, 8422, 8418, 8419, 8420, 7415, 7559, 7416, 7560, 7989, 7844, 7845, 7704, 7847, 7990, 7558, 7846, 7703, 7701, 7702, 7837, 7692, 7693, 7834, 7691, 7835, 7836, 7547, 7548, 8125, 7981, 7838, 7982, 8271, 8272, 8126, 8127, 7839, 7983, 7840, 7841, 7696, 7697, 8274, 8275, 8130, 8131, 8132, 8276, 8129, 8273, 8128, 7984, 7985, 7842, 7843, 7986, 7987, 7988, 7409, 7553, 7700, 7698, 7699, 7557, 7555, 7556, 7412, 7413, 7554, 7410, 7411, 7549, 7694, 7695, 7406, 7550, 7551, 7120, 7265, 7263, 7264, 7552, 7407, 7408, 8613, 8611, 8612, 8467, 8466, 8610, 8464, 8607, 8608, 8465, 8609, 8460, 8604, 8605, 8606, 8463, 8461, 8462, 6282, 6280, 6281, 6422, 6423, 6427, 6428, 6426, 6424, 6425, 6122, 6120, 6121, 5964, 6108, 5821, 5965, 5820, 5819, 5963, 8288, 8289, 8432, 8433, 8571, 8572, 8573, 8574, 8428, 8431, 8429, 8430, 8133, 8277, 8279, 8134, 8278, 7848, 7849, 7991, 7992, 7993, 7994, 8137, 8280, 8135, 8136, 8424, 8425, 8426, 8427, 8281, 8282, 7851, 7852, 7995, 7996, 7997, 7710, 7711, 7708, 7709, 7998, 7853, 7854, 7855, 7999, 8000, 7856, 7857, 8284, 8140, 8141, 8283, 8138, 8139, 8286, 8287, 8285, 8142, 8143, 6832, 6976, 7121, 6689, 6833, 6977, 6690, 6834, 6978, 7122, 6691, 6835, 6979, 6548, 6546, 6547, 7272, 7273, 7274, 6694, 6840, 6838, 6982, 6839, 6983, 6984, 6985, 7128, 7129, 6981, 6837, 6980, 6693, 6692, 6836, 7125, 7126, 7127, 7123, 7124, 7414, 7266, 7267, 7271, 7270, 7268, 7269, 6845, 6844, 6989, 6846, 6990, 6553, 6554, 6701, 6555, 6699, 6700, 6986, 6987, 7130, 7131, 7134, 6988, 7132, 7133, 6697, 6698, 6843, 6695, 6841, 6696, 6842, 6551, 6552, 6549, 6550, 6560, 6561, 6704, 6705, 6556, 6557, 6558, 6559, 6702, 6703, 6852, 6850, 6851, 6853, 6854, 6708, 6709, 6706, 6707, 6562, 6563, 6991, 6992, 7135, 7136, 6847, 6848, 6849, 6993, 7142, 7141, 7285, 7286, 7287, 7137, 7138, 7139, 7140, 7283, 7284, 6997, 6998, 6994, 6995, 6996, 7288, 7289, 7432, 7433, 7434, 7290, 7291, 7435, 7436, 7719, 7720, 7721, 7575, 7576, 7577, 7578, 7428, 7429, 7430, 7431, 7716, 7714, 7715, 7717, 7718, 7574, 7572, 7573, 7712, 7713, 7565, 7566, 7278, 7422, 7567, 7423, 7568, 7424, 7425, 7569, 7426, 7427, 7570, 7571, 7281, 7282, 7279, 7280, 7277, 7275, 7276, 7418, 7419, 7420, 7421, 7417, 7562, 7563, 7564, 7561, 7706, 7707, 7705, 7850, 8293, 8294, 8150, 8149, 8147, 8148, 8290, 8291, 8292, 8145, 8146, 8001, 8144, 7858, 7859, 7860, 8004, 8005, 8002, 8003, 8155, 8156, 8012, 8010, 8011, 7861, 7862, 7863, 7864, 8006, 8007, 8008, 8009, 8151, 8152, 8153, 8154, 8019, 8017, 8018, 8161, 8162, 8163, 8015, 8016, 8159, 8160, 8013, 8014, 8157, 8158, 7722, 7723, 7865, 7866, 7867, 7868, 7724, 7725, 7581, 7579, 7580, 7437, 7438, 7582, 7583, 7584, 7869, 7726, 7870, 7727, 7728, 7871, 7872, 6269, 6414, 6268, 6412, 6413, 6271, 6270, 6415, 6416, 5822, 5969, 5966, 6109, 6110, 6111, 6112, 5967, 5968, 6256, 6402, 6257, 6401, 6113, 6258, 6403, 6252, 6397, 6831, 6254, 6255, 6400, 6545, 6687, 6544, 6398, 6399, 6543, 6688, 6253, 6542, 6119, 6117, 6118, 6264, 6408, 6409, 6410, 6267, 6411, 6265, 6266, 6116, 6262, 6263, 6114, 6404, 6407, 6405, 6406, 6115, 6261, 6259, 6260, 7027, 6882, 6737, 6738, 7026, 6592, 6736, 6881, 6883, 6595, 6739, 6574, 6575, 6719, 6720, 6578, 6723, 6724, 6721, 6722, 6576, 6577, 6725, 6869, 6870, 7014, 7015, 7159, 7160, 7302, 7303, 7157, 7158, 7012, 7013, 7153, 7154, 7300, 7301, 7155, 7156, 6867, 6868, 6865, 6866, 7009, 7010, 7011, 6569, 6714, 6715, 6716, 6570, 6571, 6863, 6864, 7006, 7007, 7008, 6861, 6862, 6717, 6718, 6572, 6573, 6710, 6711, 6564, 6565, 6568, 6713, 6712, 6566, 6567, 7143, 7144, 6999, 7000, 7001, 7002, 7147, 7145, 7146, 6857, 6855, 6856, 6858, 7003, 6859, 7004, 6860, 7005, 7149, 7293, 7148, 7292, 6438, 6583, 6584, 6585, 7170, 7024, 7025, 7023, 7021, 7022, 7168, 7169, 7166, 7167, 6586, 6587, 6735, 6732, 6733, 6734, 6730, 6731, 6880, 6876, 6879, 6877, 6878, 7454, 7455, 7598, 7599, 7600, 7745, 7309, 7310, 7452, 7453, 7314, 7311, 7312, 7313, 7601, 7746, 7456, 7457, 7458, 7602, 6874, 6875, 6728, 6729, 6872, 6873, 6871, 6726, 6727, 7306, 7307, 7308, 7304, 7305, 7450, 7451, 7161, 7162, 7016, 7017, 7020, 7165, 7163, 7164, 7018, 7019, 7742, 7743, 7744, 7890, 7887, 7888, 7889, 8034, 8032, 8033, 7596, 7597, 7595, 7739, 7740, 7882, 7883, 7884, 7741, 7885, 7886, 8030, 8031, 8177, 8178, 8320, 8321, 8322, 8314, 8315, 8171, 8172, 8026, 8027, 8175, 8176, 8173, 8174, 8028, 8029, 8318, 8319, 8316, 8317, 7294, 7295, 7296, 7150, 7151, 7152, 7441, 7442, 7439, 7440, 7443, 7444, 7299, 7297, 7298, 7737, 7738, 7448, 7449, 7593, 7594, 7447, 7591, 7592, 7445, 7446, 7590, 7879, 7877, 7878, 7880, 7881, 7735, 7736, 7731, 7732, 7875, 7876, 7729, 7730, 7873, 7874, 7585, 7586, 7587, 7733, 7734, 7588, 7589, 8305, 8306, 8307, 8308, 8167, 8168, 8312, 8313, 8024, 8025, 8169, 8170, 8020, 8164, 8021, 8022, 8023, 8165, 8166, 8309, 8310, 8311}
community 19680 = {7686, 7830, 7831, 7687, 7832, 7546, 7545, 7690, 7833, 7688, 7689, 7399, 7544, 7398, 7542, 7543, 7397, 7541, 7395, 7396, 7539, 7540, 7683, 7827, 7828, 7829, 7684, 7685, 8081, 8082, 8083, 8091, 8092, 8235, 8090, 8089, 8234, 8230, 8087, 8231, 8232, 8088, 8233, 8084, 8228, 8085, 8086, 8229, 7651, 7795, 7650, 7794, 7939, 7940, 7797, 7942, 7796, 7941, 7647, 7649, 7793, 7648, 7792, 7936, 7937, 7938, 6088, 6087, 6232, 6086, 6231, 6085, 6230, 6377, 6376, 6375, 6520, 6524, 6667, 6812, 6523, 6668, 6522, 6521, 6666, 6811, 6665, 6810, 7658, 7803, 7656, 7657, 7945, 7801, 7802, 7798, 7943, 7800, 7799, 7944, 7653, 7654, 7655, 8383, 8386, 8384, 8385, 7665, 7666, 7667, 7811, 7955, 7810, 7954, 8098, 7809, 7953, 8097, 7951, 7952, 7949, 7950, 8093, 8094, 8095, 8096, 8379, 8380, 8242, 8240, 8241, 8238, 8239, 8236, 8237, 8381, 8382, 7806, 7807, 7805, 7662, 7663, 7664, 7808, 7948, 7946, 7947, 7660, 7661, 7659, 7804, 7391, 7246, 7245, 7101, 7390, 6956, 6955, 7099, 7100, 7389, 7533, 7534, 7387, 7386, 7531, 7388, 7532, 7243, 7244, 7676, 7677, 7678, 7826, 7538, 7682, 7537, 7681, 7536, 7680, 7535, 7679, 5924, 5926, 5927, 5928, 5781, 5925, 5782, 5783, 5778, 5780, 5936, 6079, 6080, 5935, 6081, 6227, 6228, 6229, 6083, 6082, 6084, 5931, 5784, 5929, 5930, 5934, 5932, 5933, 6074, 6075, 6078, 6076, 6077, 5790, 5788, 5789, 5785, 5786, 5787, 7819, 7675, 7818, 7673, 7674, 7671, 7672, 7815, 7816, 7817, 7233, 7234, 7235, 7236, 7230, 7231, 7232, 7088, 7086, 7087, 7520, 7375, 7376, 7521, 7522, 7379, 7377, 7378, 7523, 7524, 7380, 7381, 7525, 7526, 7527, 7668, 7669, 7670, 7528, 7529, 7385, 7530, 7237, 7238, 7239, 7384, 7382, 7383, 6793, 6794, 6795, 6937, 6938, 6939, 6940, 6941, 6942, 6796, 6797, 6650, 6651, 6652, 6357, 6501, 6502, 6503, 6789, 6790, 6645, 6646, 6935, 6792, 6936, 6648, 6649, 6647, 6791, 6221, 6222, 6219, 6220, 6365, 6364, 6510, 6367, 6512, 6366, 6511, 6507, 6508, 6218, 6363, 6509, 6070, 6071, 6072, 6073, 6217, 6362, 6215, 6216, 6361, 6358, 6359, 6214, 6360, 6506, 6504, 6505, 6664, 6808, 6809, 6806, 6807, 6662, 6663, 6659, 6660, 6661, 6513, 6514, 6368, 6369, 6225, 6226, 6223, 6224, 6374, 6519, 6518, 6515, 6516, 6517, 6372, 6373, 6370, 6371, 7240, 7241, 7098, 7242, 7094, 7095, 6950, 6951, 6954, 6952, 6953, 7096, 7097, 6949, 6945, 6946, 6947, 6948, 7092, 7093, 7089, 7090, 7091, 6657, 6658, 6800, 6801, 6802, 6805, 6803, 6804, 6798, 6943, 6799, 6944, 6655, 6656, 6653, 6654, 7514, 7512, 7513, 7370, 7368, 7369, 7371, 7372, 7515, 7516, 7517, 7518, 7519, 7373, 7374, 7079, 7080, 7226, 7224, 7225, 7229, 7227, 7228, 7084, 7085, 7083, 7081, 7082, 7222, 7223, 7077, 7078, 6788, 6933, 6934, 6932, 7076, 7221, 7365, 7364, 7219, 7220, 7509, 7510, 7511, 7366, 7367, 7504, 7360, 7505, 7507, 7508, 7652, 7362, 7363, 7361, 7506}
community 19882 = {8217, 8218, 8222, 8221, 8219, 8220, 8212, 8216, 8215, 8213, 8214, 8211, 8209, 8210, 7604, 7605, 7316, 7317, 7460, 7461, 6744, 6745, 8324, 8325, 8326, 8468, 8469, 8470, 8327, 8471, 8180, 8036, 8181, 8182, 8037, 8038, 7748, 7892, 7749, 7893, 7894, 6750, 6892, 6893, 7030, 7174, 7036, 6891, 6890, 7035, 7179, 7750, 7606, 7751, 7318, 7462, 7465, 7607, 7608, 6743, 6887, 6888, 6889, 7034, 7178, 7322, 7033, 7177, 7321, 7463, 7464, 7319, 7176, 7320, 7032, 7031, 7175, 5476, 5477, 5621, 5622, 5188, 5187, 5332, 5185, 5330, 5186, 5331, 5321, 5319, 5320, 5178, 5180, 5324, 5323, 5179, 5322, 5467, 5465, 5466, 5464, 5462, 5463, 5182, 5326, 5470, 5471, 5327, 5328, 5329, 5472, 5468, 5469, 5181, 5325, 8352, 8349, 8350, 8351, 8343, 8344, 8341, 8342, 8347, 8348, 8345, 8346, 7921, 8064, 7924, 7922, 7923, 7777, 7919, 7920, 7778, 7779, 6037, 5892, 6035, 6036, 5604, 5748, 5749, 5893, 6610, 6466, 6611, 6323, 6324, 6467, 6468, 6469, 6179, 6180, 6181, 6325, 6182, 6183, 6184, 6329, 6330, 6328, 6326, 6327, 5909, 6053, 5765, 5766, 5605, 5606, 5750, 5607, 5608, 5612, 5613, 5609, 5610, 5611, 5751, 5752, 5898, 5899, 5895, 5755, 5756, 5753, 5754, 5896, 5897, 6039, 6040, 5894, 6038, 5617, 5762, 5906, 5907, 5905, 6047, 6048, 5903, 6046, 5760, 5761, 5904, 6187, 6188, 6185, 6186, 5614, 5615, 6044, 6045, 5758, 5759, 5902, 6041, 6042, 6043, 5757, 5900, 5901, 6052, 5764, 5908, 5474, 5619, 5763, 5618, 5473, 5616, 5475, 5620, 8338, 8339, 8482, 8340, 8483, 8336, 8480, 8337, 8481, 8335, 8479, 8334, 8478, 6752, 6753, 6897, 6609, 6754, 6895, 6896, 7039, 7040, 7635, 7774, 7775, 7776, 7633, 7634, 6774, 6919, 6485, 6331, 6332, 6333, 6334, 6189, 6190, 6191, 6340, 6483, 6194, 6195, 6338, 6339, 6196, 6050, 6051, 6049, 6192, 6335, 6193, 6336, 6484, 6628, 6629, 6770, 6771, 6625, 6626, 6627, 6915, 6916, 6772, 6773, 6478, 6479, 6624, 6481, 6482, 6337, 6480, 6474, 6475, 6622, 6623, 6621, 6476, 6477, 6755, 6899, 6900, 7046, 6901, 6902, 6898, 7041, 7189, 7186, 7187, 7188, 7044, 7045, 7042, 7043, 7183, 7184, 7328, 7329, 7474, 7475, 7476, 7332, 7333, 7185, 7330, 7331, 6762, 6763, 6905, 6906, 6758, 6759, 6760, 6761, 6756, 6757, 6903, 6904, 6470, 6471, 6472, 6473, 6612, 6613, 6617, 6618, 6614, 6615, 6616, 7190, 7334, 7335, 7336, 7047, 7191, 7192, 7050, 7194, 7195, 7196, 7051, 7052, 7193, 7048, 7049, 7337, 7338, 7339, 6909, 6907, 6908, 7053, 7054, 7197, 7198, 7057, 7199, 7200, 6910, 6911, 7055, 7056, 6619, 6620, 6766, 6764, 6765, 6767, 6768, 6769, 6912, 6913, 7206, 7207, 7062, 7063, 7061, 6917, 6918, 6914, 7058, 7205, 7059, 7060, 7492, 7349, 7203, 7204, 7202, 7347, 7348, 7345, 7488, 7489, 7490, 7346, 7491, 7201, 7344, 7340, 7341, 7342, 7343, 7487, 7632, 7485, 7486, 7630, 7631, 8066, 8065, 8208, 7471, 7615, 7616, 7617, 7618, 7619, 7472, 7473, 7905, 7903, 7904, 7759, 7760, 7761, 7764, 7908, 7906, 7907, 7762, 7763, 8193, 8050, 8194, 8046, 8190, 8047, 8048, 8049, 8191, 8192, 8196, 8197, 8195, 8051, 8052, 8053, 8198, 7909, 7910, 8054, 8055, 7772, 7773, 7626, 7627, 7628, 7629, 7484, 7482, 7483, 7477, 7478, 7620, 7765, 7766, 7623, 7621, 7622, 7624, 7625, 7479, 7480, 7481, 7769, 7770, 7771, 7911, 7912, 7767, 7768, 8206, 8207, 7917, 8062, 7918, 8063, 8199, 8200, 8201, 8056, 8057, 8202, 8203, 8205, 8204, 8058, 8059, 7916, 8060, 8061, 7913, 7914, 7915, 8472, 8473, 8476, 8477, 8474, 8475, 7895, 8039, 8183, 8040, 8041, 8042, 8188, 8189, 8045, 8043, 8044, 8184, 8185, 8186, 8187, 8328, 8329, 8330, 8333, 8331, 8332, 7612, 7756, 7757, 7758, 7902, 7611, 7755, 7610, 7753, 7754, 7900, 7901, 7899, 7896, 7897, 7898, 7038, 7182, 7326, 7327, 7325, 7181, 7324, 7467, 7468, 7469, 7470, 7613, 7614}
